0.033439
0.086729
0.296236
0.248199
0.188098
0.235545
0.250940
0.058066
0.437626
0.145779
0.491166
0.417077
0.385441
0.128114
0.716447
0.146145
0.321893
0.230347
0.066266
0.202202
0.179506
0.490495
0.355654
0.057142
0.301264
0.409880
0.259251
0.355048
0.087756
0.372289
0.068102
0.557671
0.360098
0.522573
0.169666
0.133145
0.383268
0.061778
0.149317
0.130788
0.194329
0.212409
0.452958
0.215862
0.109445
0.523057
0.471456
0.460311
0.048960
0.191867
0.258273
0.349852
0.283180
0.479893
0.218384
0.238506
0.351592
0.137181
0.508422
0.140318
0.573702
0.111523
0.554161
0.224850
0.129956
0.590930
0.532347
0.519356
0.293637
0.218382
0.295713
0.589531
0.144021
0.173075
0.158819
0.062027
0.411818
0.074562
0.361858
0.035012
0.202570
0.297979
0.289774
0.369172
0.319364
0.252808
0.372994
0.537271
0.412860
0.269963
0.256198
0.251785
0.370161
0.276322
0.406408
0.149430
0.132213
0.141193
0.555151
0.106654
0.296105
0.184406
0.149657
0.151161
0.100052
0.306998
0.471570
0.501959
0.454591
0.426209
0.335669
0.044253
0.044650
0.226202
0.101122
0.148583
0.261553
0.234071
0.389660
0.385194
0.309762
0.141657
0.610993
0.293539
0.390608
0.289470
0.329416
0.430915
0.325855
0.215012
0.721176
0.136829
0.264410
0.298380
0.509633
0.059991
0.118994
0.170698
0.200051
0.237803
0.171003
0.204294
0.260659
0.578287
0.139846
0.060791
0.231309
0.202702
0.205795
0.319250
0.311739
0.175705
0.157442
0.251242
0.210173
0.262086
0.490625
0.334093
0.188809
0.229778
1.274402
0.215239
0.438392
0.292606
0.218461
0.725656
0.188540
0.171836
0.116651
0.452807
0.177473
0.219899
0.118934
0.180066
0.222653
0.176762
0.226026
0.301813
0.154392
0.206705
0.093608
0.683527
0.160370
0.249163
0.287504
0.215274
0.382049
0.242873
0.300520
0.320935
1.280807
0.474451
0.164175
0.029285
0.315058
0.246399
0.645484
0.202940
0.302969
0.185915
0.227820
0.243222
0.451954
0.448142
0.050319
0.188789
0.016251
0.090189
0.571229
0.126414
0.043645
0.648668
0.160662
0.599201
0.026581
0.061391
0.167269
0.298199
0.219980
0.251546
0.247029
0.156813
0.562418
0.468221
0.223679
0.571309
0.402317
0.176223
0.209827
0.153311
0.631436
0.396993
0.205937
0.308960
0.095713
0.765916
0.222955
0.304645
0.071049
0.254589
0.330374
0.307796
0.513652
0.591353
0.279398
0.503379
0.284522
0.114497
0.216579
0.332282
0.220937
0.131780
0.514155
0.231384
0.368260
0.121104
0.328432
0.267722
0.052123
0.419303
0.264159
0.226537
0.298064
0.228662
0.170768
0.179987
0.458519
0.136456
0.456473
0.253702
0.533130
0.404337
0.285736
0.335569
0.400763
0.093997
0.188612
0.283751
0.197422
0.223476
0.755965
0.240077
0.185928
0.243272
0.702363
0.406410
0.488786
0.279037
0.359274
0.469532
0.292652
0.545852
0.331741
0.157376
0.389173
0.061640
0.281552
0.081652
0.074196
0.341362
0.260562
0.342409
0.241632
0.391977
0.262772
1.200511
0.260193
0.368569
0.211685
0.344124
0.351621
0.379354
0.337179
0.151671
0.044109
1.693901
0.310146
0.486186
0.194039
0.181014
1.404708
0.251849
0.722492
0.188866
0.344287
0.118772
0.562922
0.182991
0.257380
0.188581
0.399343
