0.111373
0.217168
0.356531
0.348327
0.086408
1.300802
0.371175
0.039334
0.565220
0.318925
0.424348
0.653972
0.628868
0.007048
1.062305
0.265014
0.266822
0.139840
0.014682
0.045623
0.000010
0.484427
0.651166
0.166829
0.488491
0.557925
0.017560
0.336484
0.157866
0.251269
0.078118
0.455958
0.272478
0.424067
0.164546
0.133914
0.264136
0.095630
0.045516
0.140606
0.290415
0.056981
0.763003
0.285238
0.208490
0.447122
0.719101
0.488227
0.279966
0.216357
0.375981
0.000078
0.402042
0.733973
0.335209
0.084630
0.484317
0.207150
0.660679
0.415150
0.843394
0.389058
0.824801
0.323224
0.092771
0.488954
0.434143
0.521001
0.579759
0.260013
0.182775
0.283514
0.250975
0.051438
0.144544
0.064623
0.537736
0.172820
0.359292
0.117208
0.164442
0.473200
0.228924
0.286326
0.240088
0.319002
0.618945
0.722633
0.254215
0.370017
0.389692
0.351958
0.289101
0.192318
0.371522
0.209504
0.222470
0.262953
0.492956
0.221525
0.419019
0.078119
0.141309
0.133598
0.117319
0.089125
0.593261
0.454674
0.367867
0.672091
0.081726
0.077360
0.123087
0.139683
0.040286
0.250016
0.150462
0.206241
0.516263
0.542855
0.438544
0.234220
0.711586
0.348133
0.069713
0.415899
0.074157
0.205986
0.378822
0.026815
0.653722
0.335329
0.240528
0.009053
0.772489
0.169588
0.000014
0.005048
0.289547
0.005241
0.243040
0.036158
0.024226
0.751938
0.066848
0.038240
0.345810
0.487296
0.243833
0.258653
0.412741
0.000009
0.150816
0.371076
0.140381
0.328407
0.606416
0.406666
0.298489
0.291474
1.667567
0.463784
0.274097
0.571008
0.362383
0.613252
0.459727
0.203627
0.361904
0.512538
0.032652
0.141411
0.229144
0.179257
0.061615
0.167066
0.136055
0.372168
0.260188
0.361333
0.347682
0.573988
0.126082
0.080999
0.392218
0.332203
0.239382
0.160465
0.000014
0.409946
1.689669
0.560483
0.007897
0.004352
0.460669
0.098025
0.599075
0.042292
0.362657
0.048575
0.115415
0.244018
0.454287
0.608858
0.016713
0.298461
0.034068
0.152001
0.476062
0.027899
0.023887
0.548451
0.258834
0.633675
0.051522
0.098226
0.152926
0.174951
0.179108
0.119637
0.055382
0.070786
0.850844
0.556607
0.074693
0.734402
0.540178
0.154036
0.223984
0.065169
0.556245
0.334954
0.284638
0.411856
0.197563
0.835301
0.090236
0.425781
0.274452
0.320161
0.389219
0.355358
0.284164
0.644796
0.296519
0.420626
0.007499
0.000004
0.317882
0.357023
0.532173
0.393424
0.388885
0.337818
0.398815
0.223016
0.359135
0.375600
0.256115
0.453197
0.299456
0.263459
0.409894
0.153524
0.088359
0.069290
0.423900
0.176121
0.573102
0.213122
0.646976
0.364123
0.324461
0.389972
0.523588
0.243029
0.031424
0.354716
0.055990
0.125580
0.691578
0.090500
0.086957
0.276904
0.665544
0.582218
0.441935
0.360274
0.321045
0.488480
0.258793
0.732579
0.417966
0.100935
0.529104
0.052944
0.053330
0.200129
0.176023
0.439346
0.259087
0.459577
0.113432
0.305952
0.147703
1.237830
0.244953
0.258080
0.201012
0.256452
0.359216
0.384548
0.225445
0.254959
0.092559
2.107556
0.167907
0.488764
0.003939
0.029744
1.815476
0.096114
0.682781
0.039477
0.206131
0.104062
0.594168
0.098014
0.121659
0.178675
0.353378
